date,open,high,low,close,volume,%-ret-1,%-ret-4,%-vol-24,%-price-ma-ratio,%-raw_open,%-raw_high,%-raw_low,%-raw_close
2026-01-01 00:00:00+00:00,1,1.0018986052145689,0.99810499265625563,1,891.95832271028542,0,0,0,0,1,1.0018986052145689,0.99810499265625563,1
2026-01-01 00:15:00+00:00,1,1.0041127543162127,0.99716849577411093,1.0012696048090972,153.30879615151773,0.0012696048090972134,0,0,0,1,1.0041127543162127,0.99716849577411093,1.0012696048090972
2026-01-01 00:30:00+00:00,1.0012696048090972,1.0041575622170338,0.99726248560781794,1.0001388852999042,289.94451623966228,-0.0011292857625579966,0,0,0,1.0012696048090972,1.0041575622170338,0.99726248560781794,1.0001388852999042
2026-01-01 00:45:00+00:00,1.0001388852999042,1.0001660676882287,0.99736472494418438,0.99739183193467651,372.5698642627961,-0.0027466718928781386,0,0,0,1.0001388852999042,1.0001660676882287,0.99736472494418438,0.99739183193467651
2026-01-01 01:00:00+00:00,0.99739183193467651,1.0029602931983581,0.99509569422016009,1.0006513360948013,914.49067809799919,0.0032680277256753598,0.0006513360948012803,0,0,0.99739183193467651,1.0029602931983581,0.99509569422016009,1.0006513360948013
2026-01-01 01:15:00+00:00,1.0006513360948013,1.0043986833162868,0.99388239955982116,0.99760439773653775,909.9928489215672,-0.0030449550691199478,-0.0036605596084765546,0,0,1.0006513360948013,1.0043986833162868,0.99388239955982116,0.99760439773653775
2026-01-01 01:30:00+00:00,0.99760439773653775,0.99886685327983427,0.99666033273098664,0.99792159357215249,272.28049634909166,0.0003179575354061992,-0.0022169838212888759,0,0,0.99760439773653775,0.99886685327983427,0.99666033273098664,0.99792159357215249
2026-01-01 01:45:00+00:00,0.99792159357215249,1.0063146473801525,0.99624782774858056,1.0046268042916835,389.04868316156387,0.0067191758979070482,0.0072538917257554125,0,0,0.99792159357215249,1.0063146473801525,0.99624782774858056,1.0046268042916835
2026-01-01 02:00:00+00:00,1.0046268042916835,1.0094495404329256,0.99498502529670096,0.99976147583633834,179.29113845405638,-0.0048429212067215843,-0.00088928103762475619,0,0,1.0046268042916835,1.0094495404329256,0.99498502529670096,0.99976147583633834
2026-01-01 02:15:00+00:00,0.99976147583633834,1.0048409960970179,0.99792573758074354,1.0029959309470708,995.25973328078726,0.0032352267904969256,0.0054044801955224209,0,0,0.99976147583633834,1.0048409960970179,0.99792573758074354,1.0029959309470708
2026-01-01 02:30:00+00:00,1.0029959309470708,1.0081400909522258,1.0017329197159559,1.0068706019960667,522.27416633055486,0.0038630974757167813,0.0089676468387465125,0,0,1.0029959309470708,1.0081400909522258,1.0017329197159559,1.0068706019960667
2026-01-01 02:45:00+00:00,1.0068706019960667,1.0115790838322143,1.0029116980471566,1.007601666653007,809.95767626267161,0.00072607607719499256,0.0029611616459117585,0,0,1.0068706019960667,1.0115790838322143,1.0029116980471566,1.007601666653007
2026-01-01 03:00:00+00:00,1.007601666653007,1.0119591941973622,1.0047620851245627,1.0091073324642159,560.92089685478277,0.0014943065906296571,0.0093480863723613972,0,0,1.007601666653007,1.0119591941973622,1.0047620851245627,1.0091073324642159
2026-01-01 03:15:00+00:00,1.0091073324642159,1.0098599033851079,1.0057174371509092,1.0064674799595228,215.72565921995078,-0.0026160274727631272,0.0034611795575023585,0,0,1.0091073324642159,1.0098599033851079,1.0057174371509092,1.0064674799595228
2026-01-01 03:30:00+00:00,1.0064674799595228,1.0092999842664871,0.99949866233157347,1.0023115542751593,209.00226026916607,-0.0041292200365288245,-0.0045279380606300101,0,0,1.0064674799595228,1.0092999842664871,0.99949866233157347,1.0023115542751593
2026-01-01 03:45:00+00:00,1.0023115542751593,1.0068200112062913,0.99455864476059563,0.99903222864403274,443.73114847526625,-0.0032717627738991784,-0.0085047874498259679,0,0,1.0023115542751593,1.0068200112062913,0.99455864476059563,0.99903222864403274
2026-01-01 04:00:00+00:00,0.99903222864403274,1.000701848317211,0.99793383244213552,0.99960161643488721,105.79416661785621,0.00056993936184346339,-0.0094199256347845539,0,0,0.99903222864403274,1.000701848317211,0.99793383244213552,0.99960161643488721
2026-01-01 04:15:00+00:00,0.99960161643488721,1.0016174837038838,0.99461213244698954,0.996617937569932,790.74876320550493,-0.0029848679873053507,-0.0097862500137479991,0,0,0.99960161643488721,1.0016174837038838,0.99461213244698954,0.996617937569932
2026-01-01 04:30:00+00:00,0.996617937569932,1.000258092991595,0.98844263518114106,0.99205293024188501,960.96071255360039,-0.0045804988611563013,-0.010234965355350956,0,0,0.996617937569932,1.000258092991595,0.98844263518114106,0.99205293024188501
2026-01-01 04:45:00+00:00,0.99205293024188501,1.0003784345158437,0.9902845247168619,0.99859518818212201,118.06484636915779,0.0065946662126605826,-0.00043746382687159802,0,0,0.99205293024188501,1.0003784345158437,0.9902845247168619,0.99859518818212201
2026-01-01 05:00:00+00:00,0.99859518818212201,1.0007901036978097,0.99689098913662599,0.99908215881719364,619.02364891772345,0.00048765569956144006,-0.00051966464354691322,0,0,0.99859518818212201,1.0007901036978097,0.99689098913662599,0.99908215881719364
2026-01-01 05:15:00+00:00,0.99908215881719364,1.0001669210662767,0.99896234680681817,1.0000469789689561,952.83530206761611,0.00096570651697436283,0.0034406779867770521,0,0,0.99908215881719364,1.0001669210662767,0.99896234680681817,1.0000469789689561
2026-01-01 05:30:00+00:00,1.0000469789689561,1.002171359797593,0.99587946624938484,0.99799499410980042,468.60137479114724,-0.0020518884635513102,0.0059896641467169776,0,0,1.0000469789689561,1.002171359797593,0.99587946624938484,0.99799499410980042
2026-01-01 05:45:00+00:00,0.99799499410980042,0.99981353691414754,0.99778955167209227,0.99960772011998567,459.2131579452074,0.0016159660315968605,0.0010139563557349796,0,-0.0011144844694749301,0.99799499410980042,0.99981353691414754,0.99778955167209227,0.99960772011998567
2026-01-01 06:00:00+00:00,0.99960772011998567,1.007893925801151,0.9960600941730049,1.0043168919597683,208.8364647165518,0.0047110198780950796,0.0052395422101940703,0.0033937495804709046,0.0034109314234151977,0.99960772011998567,1.007893925801151,0.9960600941730049,1.0043168919597683
2026-01-01 06:15:00+00:00,1.0043168919597683,1.0082396765368149,1.0022818534405362,1.0061966893135623,156.25781147244749,0.0018717173522053709,0.0061494214511268463,0.0034043249892987855,0.005082880527746525,1.0043168919597683,1.0082396765368149,1.0022818534405362,1.0061966893135623
2026-01-01 06:30:00+00:00,1.0061966893135623,1.010155902081685,1.005908779685351,1.0098668595780746,991.25397979916181,0.0036475674224452082,0.011895716449824345,0.0034617682541408048,0.0083407274967131073,1.0061966893135623,1.010155902081685,1.005908779685351,1.0098668595780746
2026-01-01 06:45:00+00:00,1.0098668595780746,1.0123400963642641,1.0091001637894148,1.0115715228823119,599.24000559633987,0.0016880079666634629,0.011968497763192643,0.0034038677101062408,0.0094473138508650578,1.0098668595780746,1.0123400963642641,1.0091001637894148,1.0115715228823119
2026-01-01 07:00:00+00:00,1.0115715228823119,1.0143323118382073,1.0108818379589883,1.0136407446213671,669.41143604648016,0.0020455515920014822,0.0092837756053318898,0.0033711006877198417,0.010966178869225907,1.0115715228823119,1.0143323118382073,1.0108818379589883,1.0136407446213671
2026-01-01 07:15:00+00:00,1.0136407446213671,1.0162253128190823,1.012861026418963,1.0154436065011847,413.87084550167242,0.0017786004453590465,0.0091899697999708874,0.0032907208170907007,0.012014038176365593,1.0136407446213671,1.0162253128190823,1.012861026418963,1.0154436065011847
2026-01-01 07:30:00+00:00,1.0154436065011847,1.0194347678944216,1.0125861956840603,1.0165661261358001,637.80921244365743,0.0011054475378333706,0.006633811669515044,0.0032902144476882364,0.012348973870601299,1.0154436065011847,1.0194347678944216,1.0125861956840603,1.0165661261358001
2026-01-01 07:45:00+00:00,1.0165661261358001,1.0174591581545551,1.0154608513586914,1.0163529124167385,170.33219650400491,-0.00020973915378441621,0.0047266944810810951,0.0030406477632324513,0.011644417967575427,1.0165661261358001,1.0174591581545551,1.0154608513586914,1.0163529124167385
2026-01-01 08:00:00+00:00,1.0163529124167385,1.0196793078353121,1.0101678743549221,1.0134740269208198,950.8785773293622,-0.0028325648116392932,-0.0001644741506613423,0.002912388477772582,0.0082054936938789069,1.0163529124167385,1.0196793078353121,1.0101678743549221,1.0134740269208198
2026-01-01 08:15:00+00:00,1.0134740269208198,1.0153798865820713,1.0114793038556786,1.0133814123973908,154.98348881152785,-9.1383223416618975e-05,-0.002030830752777546,0.0028587869309188519,0.0076795758708128048,1.0134740269208198,1.0153798865820713,1.0114793038556786,1.0133814123973908
2026-01-01 08:30:00+00:00,1.0133814123973908,1.015633778236442,1.003138398015228,1.0053679974847751,908.71555396048575,-0.007907600055203301,-0.011015642133966885,0.0032303160796739705,-0.00022650904895882285,1.0133814123973908,1.015633778236442,1.003138398015228,1.0053679974847751
2026-01-01 08:45:00+00:00,1.0053679974847751,1.0064049797972636,1.0041017021227958,1.0051373783206119,112.83827258055899,-0.00022938781097092686,-0.01103507842512863,0.00322612779702087,-0.00035377371332045993,1.0053679974847751,1.0064049797972636,1.0041017021227958,1.0051373783206119
2026-01-01 09:00:00+00:00,1.0051373783206119,1.0054549618465367,1.0050641300355065,1.0053816904178801,443.26695842565323,0.00024306338868451682,-0.0079847497695882952,0.0032093598405738967,4.3597439433940011e-05,1.0051373783206119,1.0054549618465367,1.0050641300355065,1.0053816904178801
2026-01-01 09:15:00+00:00,1.0053816904178801,1.0056853007788884,1.0023839557671275,1.0026866608567269,215.05272031174189,-0.0026806033836095366,-0.010553530398157762,0.003211544252548112,-0.0024808138505775235,1.0053816904178801,1.0056853007788884,1.0023839557671275,1.0026866608567269
2026-01-01 09:30:00+00:00,1.0026866608567269,1.006846395766827,1.0022263714054682,1.0063841967637874,556.78756871877613,0.0036876284999156628,0.0010107734496767051,0.0031869207810546699,0.0010286737698388393,1.0026866608567269,1.006846395766827,1.0022263714054682,1.0063841967637874
2026-01-01 09:45:00+00:00,1.0063841967637874,1.0072721571969547,1.0001004765876698,1.0009828927218434,693.01050430326825,-0.0053670398037974909,-0.0041332515220057209,0.0033116719395730443,-0.0044243744246182937,1.0063841967637874,1.0072721571969547,1.0001004765876698,1.0009828927218434
2026-01-01 10:00:00+00:00,1.0009828927218434,1.0074310768653474,0.9992802138577741,1.0057174295951918,801.66887084366931,0.0047298879009554096,0.0003339420048242836,0.0034442825230276888,3.1129799922258172e-05,1.0009828927218434,1.0074310768653474,0.9992802138577741,1.0057174295951918
2026-01-01 10:15:00+00:00,1.0057174295951918,1.0075159519696888,1.0043524034893552,1.006148484790524,983.33143402773931,0.00042860467826000281,0.0034525481079394904,0.003374234433033081,6.4861302775165441e-05,1.0057174295951918,1.0075159519696888,1.0043524034893552,1.006148484790524
2026-01-01 10:30:00+00:00,1.006148484790524,1.0068529355772924,1.0058883618348107,1.0065926304975452,497.4738449084852,0.0004414315717164996,0.00020711149323293654,0.0032031911495189087,-9.5778600213258791e-05,1.006148484790524,1.0068529355772924,1.0058883618348107,1.0065926304975452
2026-01-01 10:45:00+00:00,1.0065926304975452,1.0093634327771681,1.0029377403406463,1.0056984819684507,775.11930001205849,-0.00088829234588427841,0.004710958879411864,0.0029496179716226325,-0.0012776142103154697,1.0065926304975452,1.0093634327771681,1.0029377403406463,1.0056984819684507
2026-01-01 11:00:00+00:00,1.0056984819684507,1.0063547074762267,1.0043830236410884,1.0050383908028251,750.40110847448375,-0.00065635096150651329,-0.00067517850678999736,0.0029556836089039969,-0.0021790444131229991,1.0056984819684507,1.0063547074762267,1.0043830236410884,1.0050383908028251
2026-01-01 11:15:00+00:00,1.0050383908028251,1.0089779888788604,1.0018327073032622,1.0057597395861271,824.1010672938238,0.00071773256614182657,-0.00038636961668525593,0.0029535124385259913,-0.0016987966810516619,1.0050383908028251,1.0089779888788604,1.0018327073032622,1.0057597395861271
2026-01-01 11:30:00+00:00,1.0057597395861271,1.0065213165826583,1.0029266916595547,1.0036861234279109,201.73970304779255,-0.0020617410665787483,-0.0028874710399953152,0.002953845743196919,-0.0039914676607907262,1.0057597395861271,1.0065213165826583,1.0029266916595547,1.0036861234279109
2026-01-01 11:45:00+00:00,1.0036861234279109,1.0087100693603188,0.99935165795761471,1.0043539077445243,935.04063008660341,0.00066533182139916214,-0.0013369556065101484,0.0029409541354537844,-0.0035243449445797603,1.0036861234279109,1.0087100693603188,0.99935165795761471,1.0043539077445243
2026-01-01 12:00:00+00:00,1.0043539077445243,1.0054972226646677,1.0006131343739928,1.0017521909525553,286.65383226854453,-0.0025904382627550682,-0.0032697256944033137,0.0028297353209041694,-0.0060002654818153145,1.0043539077445243,1.0054972226646677,1.0006131343739928,1.0017521909525553
2026-01-01 12:15:00+00:00,1.0017521909525553,1.0045589002815161,0.99636331037644732,0.99915492113959303,644.3745458371385,-0.0025927268604150067,-0.0065669942696771066,0.0028410176726743615,-0.0082887120774025602,1.0017521909525553,1.0045589002815161,0.99636331037644732,0.99915492113959303
2026-01-01 12:30:00+00:00,0.99915492113959303,0.99991840146320832,0.9983158370944657,0.99907867625208679,706.2778343836701,-7.6309374945848774e-05,-0.0045905259306446844,0.0027156135731130947,-0.0079217644725543268,0.99915492113959303,0.99991840146320832,0.9983158370944657,0.99907867625208679
2026-01-01 12:45:00+00:00,0.99907867625208679,0.99913140634107189,0.99743174141742486,0.99748438458330535,797.37181409509174,-0.0015957618820994224,-0.0068397435488112279,0.0026860951443331677,-0.0089272370573719728,0.99907867625208679,0.99913140634107189,0.99743174141742486,0.99748438458330535
2026-01-01 13:00:00+00:00,0.99748438458330535,1.0039101972813111,0.99731771602145536,1.0037424550375291,125.36839371004059,0.0062738530556927241,0.0019867828620183658,0.002987584275395307,-0.002300557165495043,0.99748438458330535,1.0039101972813111,0.99731771602145536,1.0037424550375291
2026-01-01 13:15:00+00:00,1.0037424550375291,1.0041855001158904,0.9972479384663625,0.99768811690937453,888.79043856777184,-0.0060317645206391379,-0.001468044843882188,0.0031598595145043195,-0.007588667612835831,1.0037424550375291,1.0041855001158904,0.9972479384663625,0.99768811690937453
2026-01-01 13:30:00+00:00,0.99768811690937453,1.0014348293822362,0.99357519319159238,0.99730646001332102,830.86739624661618,-0.00038254128678594235,-0.0017738505293837248,0.0031367952572129753,-0.0071757922079282999,0.99768811690937453,1.0014348293822362,0.99357519319159238,0.99730646001332102
2026-01-01 13:45:00+00:00,0.99730646001332102,0.99800256333284398,0.99694930844242768,0.99764516247609514,725.99116284297611,0.0003396172353777871,0.00016118336815562628,0.0031432262528674265,-0.0060673338874258631,0.99730646001332102,0.99800256333284398,0.99694930844242768,0.99764516247609514
2026-01-01 14:00:00+00:00,0.99764516247609514,1.0008573781165022,0.99743187928317545,1.0006434081948399,452.22070591790214,0.0030053227655646442,-0.0030874920425413288,0.0032019346891080315,-0.0025489833628259406,0.99764516247609514,1.0008573781165022,0.99743187928317545,1.0006434081948399
2026-01-01 14:15:00+00:00,1.0006434081948399,1.0018427990706822,0.99764842058476844,0.99884422160953734,745.61828824525969,-0.0017980297182472738,0.0011587836725410749,0.0032108059717485152,-0.0037409047884761071,1.0006434081948399,1.0018427990706822,0.99764842058476844,0.99884422160953734
2026-01-01 14:30:00+00:00,0.99884422160953734,1.0006855307741118,0.99724338727012229,0.99908174539300632,680.60433972903115,0.00023779862598205526,0.001780080096605019,0.0028099170654180307,-0.0032435938588999402,0.99884422160953734,1.0006855307741118,0.99724338727012229,0.99908174539300632
2026-01-01 14:45:00+00:00,0.99908174539300632,1.0003003288783232,0.99861139915538111,0.99982940895775341,791.65144306414493,0.00074835074126289314,0.0021894021680384235,0.002817420586654911,-0.0022775223673795475,0.99908174539300632,1.0003003288783232,0.99861139915538111,0.99982940895775341
2026-01-01 15:00:00+00:00,0.99982940895775341,1.0022813314688783,0.99980258695932278,1.002254443693765,576.29193283848281,0.0024254484957983991,0.001609999611981161,0.0028676779235337797,0.0002724649058549744,0.99982940895775341,1.0022813314688783,0.99980258695932278,1.002254443693765
2026-01-01 15:15:00+00:00,1.002254443693765,1.0032133125591858,0.99852372621618801,0.99947902585938431,973.50126592934987,-0.0027691748855230847,0.00063553879184885531,0.002871163502956972,-0.0023643927025560618,1.002254443693765,1.0032133125591858,0.99852372621618801,0.99947902585938431
2026-01-01 15:30:00+00:00,0.99947902585938431,1.0042531329618822,0.99907343512848057,1.0038456048880837,964.22914296881515,0.0043688550892249101,0.0047682379515436857,0.0029135947847754424,0.0020999339805873873,0.99947902585938431,1.0042531329618822,0.99907343512848057,1.0038456048880837
2026-01-01 15:45:00+00:00,1.0038456048880837,1.009113107796322,1.0020278713421187,1.0072858360139056,485.32586790086503,0.0034270520377537306,0.0074576992728438984,0.0027720995054965974,0.0052706348796709435,1.0038456048880837,1.009113107796322,1.0020278713421187,1.0072858360139056
2026-01-01 16:00:00+00:00,1.0072858360139056,1.0075650871745632,1.0054775550513499,1.0057563048999274,806.53863547454171,-0.0015184678065472967,0.0034939842154817491,0.0026240220625470215,0.0037425411699394395,1.0072858360139056,1.0075650871745632,1.0054775550513499,1.0057563048999274
2026-01-01 16:15:00+00:00,1.0057563048999274,1.0127438562571185,1.0035400298899531,1.0105121835455553,956.77827486086392,0.0047286590424120423,0.011038908672129866,0.0027954168793372543,0.0083059335129982426,1.0057563048999274,1.0127438562571185,1.0035400298899531,1.0105121835455553
2026-01-01 16:30:00+00:00,1.0105121835455553,1.0114493686089665,1.0067163979637639,1.0076500626801579,840.98483457093255,-0.0028323467168452909,0.0037898833979537194,0.0028614088337343226,0.0054058603733670996,1.0105121835455553,1.0114493686089665,1.0067163979637639,1.0076500626801579
2026-01-01 16:45:00+00:00,1.0076500626801579,1.008518697137033,1.0062633121139424,1.007130751136639,175.04288331500845,-0.00051536893883341595,-0.00015396312716997596,0.0028571145722812155,0.004827872976904013,1.0076500626801579,1.008518697137033,1.0062633121139424,1.007130751136639
2026-01-01 17:00:00+00:00,1.007130751136639,1.0106749285646635,1.0050989480401227,1.0086359753829524,857.58326421431127,0.0014945668619636976,0.0028631890936159365,0.0028672789538251838,0.0061791746798114389,1.007130751136639,1.0106749285646635,1.0050989480401227,1.0086359753829524
2026-01-01 17:15:00+00:00,1.0086359753829524,1.0086432836381474,1.006593404202976,1.0066006976583506,614.89557363920051,-0.002017851607790444,-0.0038707953757475266,0.0028980546071063458,0.0041137560492332526,1.0086359753829524,1.0086432836381474,1.006593404202976,1.0066006976583506
2026-01-01 17:30:00+00:00,1.0066006976583506,1.0069034341887237,1.0060983018845464,1.0064008873187067,963.8227188462356,-0.00019850010049538014,-0.0012396916426806737,0.0028640939193504077,0.003801174763563786,1.0066006976583506,1.0069034341887237,1.0060983018845464,1.0064008873187067
2026-01-01 17:45:00+00:00,1.0064008873187067,1.0086518650079312,1.0055664069372268,1.0078155181766653,887.22106547161695,0.0014056335559555766,0.00067991870891992434,0.0028742304942644104,0.0050675611664365849,1.0064008873187067,1.0086518650079312,1.0055664069372268,1.0078155181766653
2026-01-01 18:00:00+00:00,1.0078155181766653,1.0121438694992688,1.0072460917992871,1.0115719975578275,121.35505717580071,0.0037273482233717292,0.0029108838535729653,0.0029017663228265581,0.0084023264670878284,1.0078155181766653,1.0121438694992688,1.0072460917992871,1.0115719975578275
2026-01-01 18:15:00+00:00,1.0115719975578275,1.0138115009253914,1.0114661842779471,1.0137054533871517,610.78298558018173,0.002109049908928684,0.0070581669030518324,0.0028484140173913614,0.0099187302174241765,1.0115719975578275,1.0138115009253914,1.0114661842779471,1.0137054533871517
2026-01-01 18:30:00+00:00,1.0137054533871517,1.0146647534181481,1.0124041970369502,1.0133622656498329,280.83248001545905,-0.00033854778641273509,0.0069171027359415937,0.0028516482234008465,0.0089785744718220428,1.0137054533871517,1.0146647534181481,1.0124041970369502,1.0133622656498329
2026-01-01 18:45:00+00:00,1.0133622656498329,1.0153344537909827,1.0111626803116873,1.0131305876578378,117.73240989314839,-0.00022862306980264702,0.0052738515981463063,0.0028194447507259284,0.0080935401622601599,1.0133622656498329,1.0153344537909827,1.0111626803116873,1.0131305876578378
2026-01-01 19:00:00+00:00,1.0131305876578378,1.0147693533652273,1.0122639615513913,1.0139013254679734,527.43749505416736,0.00076074873222164996,0.0023026812879058944,0.0025535909382163736,0.0084357112889776875,1.0131305876578378,1.0147693533652273,1.0122639615513913,1.0139013254679734
2026-01-01 19:15:00+00:00,1.0139013254679734,1.0152950602837794,1.0049985154580456,1.00638001224244,665.05253343539027,-0.0074181905443924112,-0.0072264000555928298,0.0027164447394448506,0.00059451887355144173,1.0139013254679734,1.0152950602837794,1.0049985154580456,1.00638001224244
2026-01-01 19:30:00+00:00,1.00638001224244,1.0108092709462215,1.0047792695630946,1.0092014831116081,693.68611053654342,0.0028035839691222808,-0.0041059181689152568,0.0027558896677623286,0.0029055611333914655,1.00638001224244,1.0108092709462215,1.0047792695630946,1.0092014831116081
2026-01-01 19:45:00+00:00,1.0092014831116081,1.0127620261694494,1.0019348404441968,1.0054697462090532,882.15763516638106,-0.0036977124637679326,-0.0075615538037352437,0.0028861090583753198,-0.0011265206915767045,1.0092014831116081,1.0127620261694494,1.0019348404441968,1.0054697462090532
2026-01-01 20:00:00+00:00,1.0054697462090532,1.0068294515621916,1.0022848778891476,1.0036402763175674,935.78025239709962,-0.0018195175920344697,-0.010120362694732599,0.0028595402397082739,-0.0030676583287198023,1.0054697462090532,1.0068294515621916,1.0022848778891476,1.0036402763175674
2026-01-01 20:15:00+00:00,1.0036402763175674,1.0121861336580247,0.99814947862799408,1.0066485825899276,831.60989480744217,0.0029973949265946764,0.00026686772811523873,0.0028864818670463863,-0.00040233674911760442,1.0036402763175674,1.0121861336580247,0.99814947862799408,1.0066485825899276
2026-01-01 20:30:00+00:00,1.0066485825899276,1.0073233477104584,1.0010204908677955,1.0016914834304993,946.90339782962008,-0.0049243591509110507,-0.0074415265997763713,0.0030794071918145913,-0.0054321055427850595,1.0066485825899276,1.0073233477104584,1.0010204908677955,1.0016914834304993
2026-01-01 20:45:00+00:00,1.0016914834304993,1.0058711146947676,1.0015431732094551,1.0057221856384364,692.89590605042497,0.0040238958547726966,0.00025106616119985325,0.0031797317278413726,-0.0016734461954275304,1.0016914834304993,1.0058711146947676,1.0015431732094551,1.0057221856384364
2026-01-01 21:00:00+00:00,1.0057221856384364,1.0095894843181819,1.0046706988447351,1.0085339542473737,198.33980473680225,0.0027957706900463286,0.0048759282038397522,0.0031916250133326145,0.00085770091557191286,1.0057221856384364,1.0095894843181819,1.0046706988447351,1.0085339542473737
2026-01-01 21:15:00+00:00,1.0085339542473737,1.009027409515094,0.99739561564415546,0.99788362114805351,489.78929432007027,-0.010560212727064866,-0.0087070717561866795,0.003843352146102499,-0.0096462364367236875,1.0085339542473737,1.009027409515094,0.99739561564415546,0.99788362114805351
2026-01-01 21:30:00+00:00,0.99788362114805351,1.0029610872572157,0.99786114394623537,1.0029384956861183,631.00444534810913,0.0050655952567386642,0.0012449065168731455,0.0038807057696414915,-0.0045921663533162738,0.99788362114805351,1.0029610872572157,0.99786114394623537,1.0029384956861183
2026-01-01 21:45:00+00:00,1.0029384956861183,1.0102899566032102,1.0022924644878808,1.0096391900466974,801.49427659406217,0.0066810620884536487,0.0038947181082362725,0.0040594813969754744,0.0019607042187748114,1.0029384956861183,1.0102899566032102,1.0022924644878808,1.0096391900466974
2026-01-01 22:00:00+00:00,1.0096391900466974,1.0121104449344931,1.0083900254509359,1.0108582228067504,354.99966323530759,0.0012073944554356064,0.0023046011981928682,0.0040502021455492108,0.0029588785984087096,1.0096391900466974,1.0121104449344931,1.0083900254509359,1.0108582228067504
2026-01-01 22:15:00+00:00,1.0108582228067504,1.0131327556328329,1.0061916989872575,1.0084557316646823,493.3516395215749,-0.0023766845714500162,0.010594532561287728,0.0039650005213197788,0.00066023374257540013,1.0108582228067504,1.0131327556328329,1.0061916989872575,1.0084557316646823
2026-01-01 22:30:00+00:00,1.0084557316646823,1.0179975432440238,1.0076763974166707,1.0172108350872542,547.09004182128524,0.0086816933531823626,0.014230523070482004,0.0042996193758162264,0.008948835594205562,1.0084557316646823,1.0179975432440238,1.0076763974166707,1.0172108350872542
2026-01-01 22:45:00+00:00,1.0172108350872542,1.0191947303337798,1.0159770250799018,1.0179585139916498,398.76361720494396,0.00073502845094197689,0.008239898002144308,0.0042955884996345181,0.0092388149987530088,1.0172108350872542,1.0191947303337798,1.0159770250799018,1.0179585139916498
2026-01-01 23:00:00+00:00,1.0179585139916498,1.0189317884560953,1.0133696263645162,1.0143385133739857,935.95940862330906,-0.0035561376695688596,0.0034429067189778451,0.0043655701660845906,0.005412977243691719,1.0179585139916498,1.0189317884560953,1.0133696263645162,1.0143385133739857
2026-01-01 23:15:00+00:00,1.0143385133739857,1.0192791352201289,1.0036762787054028,1.008564967130072,519.52409840560892,-0.0056919323951420964,0.00010831954438828006,0.0045103557368546985,-0.00039085812490169403,1.0143385133739857,1.0192791352201289,1.0036762787054028,1.008564967130072
2026-01-01 23:30:00+00:00,1.008564967130072,1.0099269774236181,1.002390327700319,1.0037439994904109,240.82580132421049,-0.0047800268666672308,-0.01323898166665527,0.0046187920195859735,-0.0050598512128833262,1.008564967130072,1.0099269774236181,1.002390327700319,1.0037439994904109
2026-01-01 23:45:00+00:00,1.0037439994904109,1.0063255746146802,0.99812753041121316,1.0006946602816444,824.68882765703063,-0.003037965069095927,-0.016959290062136034,0.0046448069308152743,-0.0077906358251217389,1.0037439994904109,1.0063255746146802,0.99812753041121316,1.0006946602816444
2026-01-02 00:00:00+00:00,1.0006946602816444,1.0021366794196265,0.99689917049694965,0.99833572026537787,420.04037741802955,-0.002357302491853619,-0.015776580399553097,0.0045819092124088912,-0.0095879814125734431,1.0006946602816444,1.0021366794196265,0.99689917049694965,0.99833572026537787
2026-01-02 00:15:00+00:00,0.99833572026537787,1.0017140794676731,0.99504050755425255,0.99840771578602738,469.45408611843561,7.2115541082995449e-05,-0.010070993614767043,0.0045494845847616951,-0.0088898320690823374,0.99833572026537787,1.0017140794676731,0.99504050755425255,0.99840771578602738
2026-01-02 00:30:00+00:00,0.99840771578602738,0.99940400722577505,0.99235479987447106,0.99334505122837724,701.14230829085079,-0.0050707386146995326,-0.010360159828913695,0.0046382798424640858,-0.013098383162819749,0.99840771578602738,0.99940400722577505,0.99235479987447106,0.99334505122837724
2026-01-02 00:45:00+00:00,0.99334505122837724,0.99638567671790002,0.98380241134966784,0.98681382685418417,613.96909541370144,-0.006574980532813357,-0.013871197657388867,0.0047817479900076525,-0.018517997002902908,0.99334505122837724,0.99638567671790002,0.98380241134966784,0.98681382685418417
2026-01-02 01:00:00+00:00,0.98681382685418417,0.9945679230837815,0.98558866782200083,0.99333313710802118,108.48919266090509,0.006606423700628028,-0.0050109227345155327,0.0050226691255878591,-0.011191072678498726,0.98681382685418417,0.9945679230837815,0.98558866782200083,0.99333313710802118
2026-01-02 01:15:00+00:00,0.99333313710802118,0.99689813553181916,0.98696438204153836,0.9905065234791699,569.75964696221558,-0.0028455847522419475,-0.007913793315025619,0.0048459662445611545,-0.013355222145397638,0.99333313710802118,0.99689813553181916,0.98696438204153836,0.9905065234791699
2026-01-02 01:30:00+00:00,0.9905065234791699,0.9909972733737501,0.98541953255604997,0.98590776208332309,483.53540926216459,-0.0046428380700548333,-0.0074871155152553825,0.0048535450035109909,-0.016985687950661688,0.9905065234791699,0.9909972733737501,0.98541953255604997,0.98590776208332309
2026-01-02 01:45:00+00:00,0.98590776208332309,0.99146148696739078,0.98335654595494015,0.98889589956307133,753.32954710167758,0.003030848923873064,0.0021098941383144165,0.0048828479531320352,-0.013326946119877392,0.98590776208332309,0.99146148696739078,0.98335654595494015,0.98889589956307133
2026-01-02 02:00:00+00:00,0.98889589956307133,0.99094939452010611,0.98593545399924321,0.98798280143353212,352.06214814939949,-0.00092335111303687434,-0.0053862450316174426,0.0048771852358017627,-0.013595913417381977,0.98889589956307133,0.99094939452010611,0.98593545399924321,0.98798280143353212
2026-01-02 02:15:00+00:00,0.98798280143353212,0.9898670806220875,0.9866406471876209,0.98852236662178616,434.76604821435308,0.00054612811829435337,-0.0020031739421708661,0.004822988782528001,-0.012312442476286933,0.98798280143353212,0.9898670806220875,0.9866406471876209,0.98852236662178616
2026-01-02 02:30:00+00:00,0.98852236662178616,0.9926991478910866,0.98722896646430902,0.99140028275908398,329.11563766770593,0.002911331330957001,0.0055710289410386693,0.0047929390674926551,-0.009012380084616578,0.98852236662178616,0.9926991478910866,0.98722896646430902,0.99140028275908398
2026-01-02 02:45:00+00:00,0.99140028275908398,0.99600832246165316,0.98974283884112524,0.99434317472565903,989.79684466061588,0.0029684195352304155,0.0055084414496959777,0.0047550914109127157,-0.0055994387022768599,0.99140028275908398,0.99600832246165316,0.98974283884112524,0.99434317472565903
2026-01-02 03:00:00+00:00,0.99434317472565903,1.0037573558315092,0.99397884911339607,1.0033895808796394,437.45527170891739,0.0090978712218507951,0.015594177776933504,0.0051040838706096396,0.0036626359356533023,0.99434317472565903,1.0037573558315092,0.99397884911339607,1.0033895808796394
2026-01-02 03:15:00+00:00,1.0033895808796394,1.0071110887155885,1.00176110930845,1.0054765772474059,497.38686757405281,0.002079946221822393,0.017151064253163817,0.0046175937359554612,0.0054320219632943978,1.0033895808796394,1.0071110887155885,1.00176110930845,1.0054765772474059
2026-01-02 03:30:00+00:00,1.0054765772474059,1.0108304762022067,1.0047567692189709,1.0101068353848852,391.37794232665942,0.0046050382895592712,0.018868819135032577,0.0045979561162637532,0.0097604921938905242,1.0054765772474059,1.0108304762022067,1.0047567692189709,1.0101068353848852
2026-01-02 03:45:00+00:00,1.0101068353848852,1.012675635739015,1.0028732316930273,1.005423636286358,781.88123267297237,-0.0046363403696231265,0.011143498384002193,0.0044950050865209491,0.0052554094938481732,1.0101068353848852,1.012675635739015,1.0028732316930273,1.005423636286358
2026-01-02 04:00:00+00:00,1.005423636286358,1.009472074463557,1.0046301451871851,1.0086753882936266,784.29910909689988,0.0032342108240852596,0.0052679512670974482,0.0045407106174153253,0.0085983355404513073,1.005423636286358,1.009472074463557,1.0046301451871851,1.0086753882936266
2026-01-02 04:15:00+00:00,1.0086753882936266,1.0103563287096318,1.0070735474536712,1.008751818429102,998.43639981784258,7.5772777210936226e-05,0.0032574017692807988,0.0045143014408214116,0.0086623169729331817,1.0086753882936266,1.0103563287096318,1.0070735474536712,1.008751818429102
2026-01-02 04:30:00+00:00,1.008751818429102,1.0129966548073464,1.0077679900528567,1.0120086864727829,404.58710993945033,0.0032286118192605961,0.0018828217187274454,0.0041846926061509509,0.012138263822149664,1.008751818429102,1.0129966548073464,1.0077679900528567,1.0120086864727829
2026-01-02 04:45:00+00:00,1.0120086864727829,1.0136602112940503,1.002741274130085,1.004377675206154,777.31378836357419,-0.0075404602437018076,-0.0010403187695759986,0.0044371753498520343,0.0050750884183139444,1.0120086864727829,1.0136602112940503,1.002741274130085,1.004377675206154
2026-01-02 05:00:00+00:00,1.004377675206154,1.0072830693073396,1.0022026875523791,1.0051017900000807,650.84511811348932,0.00072095867102794919,-0.0035428625849505124,0.0043968993661858352,0.0061872196195449369,1.004377675206154,1.0072830693073396,1.0022026875523791,1.0051017900000807
2026-01-02 05:15:00+00:00,1.0051017900000807,1.0071069816087401,1.0035721792326213,1.0055743192471975,824.69625670517132,0.00047013073881485568,-0.0031499315528894511,0.0042501963946813106,0.006785850558374884,1.0051017900000807,1.0071069816087401,1.0035721792326213,1.0055743192471975
2026-01-02 05:30:00+00:00,1.0055743192471975,1.007156188645939,1.0047145867002916,1.0062951036533898,482.75675633071296,0.00071678879660708184,-0.0056457843650601358,0.0041344110086280932,0.0074002917335991292,1.0055743192471975,1.007156188645939,1.0047145867002916,1.0062951036533898
2026-01-02 05:45:00+00:00,1.0062951036533898,1.0108200435101999,1.0061969720392565,1.0107214706342038,837.00885221556382,0.0043986768540797971,0.006316145394955841,0.0041664655143283267,0.011408505950509129,1.0062951036533898,1.0108200435101999,1.0061969720392565,1.0107214706342038
2026-01-02 06:00:00+00:00,1.0107214706342038,1.0115860803911705,1.0049677787141116,1.0058274665432105,832.88162112487976,-0.0048420897677402541,0.00072199308602338697,0.0042682086053838922,0.0061968711846225322,1.0107214706342038,1.0115860803911705,1.0049677787141116,1.0058274665432105
2026-01-02 06:15:00+00:00,1.0058274665432105,1.00980431150184,1.0048167034164219,1.0087895520154582,325.51301117331786,0.0029449240260137621,0.0031974093875704046,0.0043011028003328402,0.0087235341640858888,1.0058274665432105,1.00980431150184,1.0048167034164219,1.0087895520154582
2026-01-02 06:30:00+00:00,1.0087895520154582,1.0130970588644959,0.99067618815433645,0.9949063513802815,768.71335286109581,-0.013762236739505718,-0.011317507390984027,0.0050805496219020882,-0.005223468047314217,1.0087895520154582,1.0130970588644959,0.99067618815433645,0.9949063513802815
2026-01-02 06:45:00+00:00,0.9949063513802815,0.99589616063957709,0.99161944600520158,0.99260598519855558,303.81071174806857,-0.0023121434279060882,-0.017923321075074439,0.0049094871357412608,-0.0077629692379068693,0.9949063513802815,0.99589616063957709,0.99161944600520158,0.99260598519855558
2026-01-02 07:00:00+00:00,0.99260598519855558,0.99471212921119845,0.99085085397139783,0.99295327388890053,689.76517221802635,0.00034987567627409177,-0.012799603393766512,0.004720048024651236,-0.0074001049674088382,0.99260598519855558,0.99471212921119845,0.99085085397139783,0.99295327388890053
2026-01-02 07:15:00+00:00,0.99295327388890053,0.99300650186224659,0.99196535320729728,0.99201852822244574,323.56889052667555,-0.00094137930860926922,-0.016624898383915343,0.0046861094590334232,-0.0083969669247168088,0.99295327388890053,0.99300650186224659,0.99196535320729728,0.99201852822244574
2026-01-02 07:30:00+00:00,0.99201852822244574,0.99393518003066572,0.98695927137103923,0.9888661483277652,365.85872333092715,-0.0031777429604356033,-0.0060711272414096795,0.0046312117254915129,-0.011669803059060735,0.99201852822244574,0.99393518003066572,0.98695927137103923,0.9888661483277652
2026-01-02 07:45:00+00:00,0.9888661483277652,0.99420869749763074,0.9837735988428441,0.98908863448515172,512.62460181755887,0.00022499117576502137,-0.0035435517877723255,0.0045901682063611898,-0.011455371811379012,0.9888661483277652,0.99420869749763074,0.9837735988428441,0.98908863448515172
2026-01-02 08:00:00+00:00,0.98908863448515172,0.98939790556992691,0.98897124246804657,0.98928047684634746,250.59662796604215,0.00019395871563676614,-0.0036988619093510922,0.0045858670749558588,-0.011317063460103416,0.98908863448515172,0.98939790556992691,0.98897124246804657,0.98928047684634746
2026-01-02 08:15:00+00:00,0.98928047684634746,0.99526160546105102,0.98707802095285857,0.99304583365536592,533.42447238601926,0.0038061569970750941,0.0010355708121307927,0.0046485963593394623,-0.0077408868289268185,0.98928047684634746,0.99526160546105102,0.98707802095285857,0.99304583365536592
2026-01-02 08:30:00+00:00,0.99304583365536592,0.99935963773582537,0.99179764050675179,0.99810350855170538,662.33070435851857,0.0050930931130563906,0.0093413656029799341,0.0047246220732415894,-0.0029654709742724661,0.99304583365536592,0.99935963773582537,0.99179764050675179,0.99810350855170538
2026-01-02 08:45:00+00:00,0.99810350855170538,1.0016229139510984,0.99650033210386613,1.0000140845546437,697.68832820892919,0.0019142062787762537,0.011045976759382015,0.0047035060798432376,-0.0012926709459356589,0.99810350855170538,1.0016229139510984,0.99650033210386613,1.0000140845546437
2026-01-02 09:00:00+00:00,1.0000140845546437,1.0010190663882907,0.99314867238674231,0.9941467547030568,192.87024503019342,-0.0058672472140228749,0.0049190072690226128,0.0044651375518316438,-0.0067703231947906506,1.0000140845546437,1.0010190663882907,0.99314867238674231,0.9941467547030568
2026-01-02 09:15:00+00:00,0.9941467547030568,1.0052076276998811,0.99264635528615841,1.0036905348447995,290.8913742667051,0.0095999711275960298,0.010719244599467048,0.0048887288607374676,0.0028392139046720111,0.9941467547030568,1.0052076276998811,0.99264635528615841,1.0036905348447995
2026-01-02 09:30:00+00:00,1.0036905348447995,1.003874968450053,1.0034297775463017,1.0036141632359805,418.32824033042289,-7.6090793095673348e-05,0.0055211254514788699,0.0047867241707375136,0.0030340257131553638,1.0036905348447995,1.003874968450053,1.0034297775463017,1.0036141632359805
2026-01-02 09:45:00+00:00,1.0036141632359805,1.0120177780108508,1.0016196909132167,1.0100066052690477,520.24004722407994,0.006369421902592487,0.0099923799761822973,0.0048753629637311724,0.0092301644010037709,1.0036141632359805,1.0120177780108508,1.0016196909132167,1.0100066052690477
2026-01-02 10:00:00+00:00,1.0100066052690477,1.0170600714207159,1.0095746130702439,1.016625062368026,831.42156624651318,0.0065528849657525701,0.022610653365441324,0.0050103302037344654,0.015507419116742804,1.0100066052690477,1.0170600714207159,1.0095746130702439,1.016625062368026
2026-01-02 10:15:00+00:00,1.016625062368026,1.020149770554523,1.0148935287230558,1.0184122335647214,565.66568883951209,0.0017579452473193147,0.014667567550787242,0.005018244576176922,0.016883762239352951,1.016625062368026,1.020149770554523,1.0148935287230558,1.0184122335647214
2026-01-02 10:30:00+00:00,1.0184122335647214,1.0205936616413318,1.0147700385149216,1.0169436650488166,254.79817950720573,-0.0014420177483183139,0.013281500302723348,0.0049946659360197154,0.015208959672130984,1.0184122335647214,1.0205936616413318,1.0147700385149216,1.0169436650488166
2026-01-02 10:45:00+00:00,1.0169436650488166,1.018598920397521,1.0168951291563806,1.0185503055043512,598.50931271806371,0.0015798716396522305,0.0084590538227495848,0.0047182776925547443,0.016213782243041042,1.0169436650488166,1.018598920397521,1.0168951291563806,1.0185503055043512
2026-01-02 11:00:00+00:00,1.0185503055043512,1.0208357967189483,1.0135634637358508,1.0158377651417667,673.53376965406846,-0.0026631383329086544,-0.00077442240546909957,0.0047646786892745867,0.01305533155964711,1.0185503055043512,1.0208357967189483,1.0135634637358508,1.0158377651417667
2026-01-02 11:15:00+00:00,1.0158377651417667,1.0179904112679243,1.0146272379534544,1.0167773188701348,462.31183888638805,0.00092490529551936262,-0.0016053564958308231,0.0047656510838854967,0.01352050474476596,1.0158377651417667,1.0179904112679243,1.0146272379534544,1.0167773188701348
2026-01-02 11:30:00+00:00,1.0167773188701348,1.0183835379481401,1.0115301965880756,1.013128126704715,643.97883061873824,-0.003588978724933467,-0.0037519662841092316,0.0048365799542120416,0.0095964804117052438,1.0167773188701348,1.0183835379481401,1.0115301965880756,1.013128126704715
2026-01-02 11:45:00+00:00,1.013128126704715,1.0141733002903788,1.0125819078855174,1.0136265179753441,885.0032332879025,0.00049193311042516896,-0.004834113251351968,0.0047574955618781773,0.0099713098970564129,1.013128126704715,1.0141733002903788,1.0125819078855174,1.0136265179753441
2026-01-02 12:00:00+00:00,1.0136265179753441,1.0149829593775714,1.0132101659364772,1.014566050173779,431.19754438704774,0.00092690175500886873,-0.001251887862044776,0.0046396116076156827,0.010540835264398529,1.0136265179753441,1.0149829593775714,1.0132101659364772,1.014566050173779
2026-01-02 12:15:00+00:00,1.014566050173779,1.0165482941186594,1.0112618320693081,1.0132376202823719,985.79867031758431,-0.0013093577211454877,-0.0034812918444092622,0.0046182102030093656,0.0090314077431155049,1.014566050173779,1.0165482941186594,1.0112618320693081,1.0132376202823719
2026-01-02 12:30:00+00:00,1.0132376202823719,1.0132880683972394,1.01198698040214,1.0120373662488651,865.91465048003465,-0.0011845731045520003,-0.0010766263684709454,0.0035575025805555426,0.0071202458485462028,1.0132376202823719,1.0132880683972394,1.01198698040214,1.0120373662488651
2026-01-02 12:45:00+00:00,1.0120373662488651,1.0160052122205183,1.0111350111262576,1.0150993192778091,785.21184948927691,0.0030255335732247701,0.0014530019453387055,0.0035265674633163245,0.009226048486367322,1.0120373662488651,1.0160052122205183,1.0111350111262576,1.0150993192778091
2026-01-02 13:00:00+00:00,1.0150993192778091,1.0158087652326124,1.0073918490732567,1.0080959083299759,424.28341906854189,-0.0068992371631336757,-0.0063772504931491891,0.0038727593772542304,0.0016348405801045462,1.0150993192778091,1.0158087652326124,1.0073918490732567,1.0080959083299759
2026-01-02 13:15:00+00:00,1.0080959083299759,1.0082568098329638,1.0048146005702527,1.0049749783459385,146.59695659542137,-0.0030958661356016437,-0.0081546932042758646,0.0039354244564769221,-0.0020014053445877034,1.0080959083299759,1.0082568098329638,1.0048146005702527,1.0049749783459385
2026-01-02 13:30:00+00:00,1.0049749783459385,1.0061912535455833,1.0009341673985213,1.0021455521897003,223.13550928189886,-0.0028154195051652842,-0.0097741589283694141,0.0039211788568080551,-0.005357713675214093,1.0049749783459385,1.0061912535455833,1.0009341673985213,1.0021455521897003
2026-01-02 13:45:00+00:00,1.0021455521897003,1.0030970571680613,0.99835030180428475,0.99929820331443897,797.18996885925776,-0.0028412528190538966,-0.01556607877011662,0.0039821599574260853,-0.0086023255112344099,1.0021455521897003,1.0030970571680613,0.99835030180428475,0.99929820331443897
2026-01-02 14:00:00+00:00,0.99929820331443897,1.0015466583697554,0.99547084295531563,0.99771068631922766,839.55288566129491,-0.0015886318918075792,-0.01030181942505104,0.0040034298184291276,-0.010522106362796824,0.99929820331443897,1.0015466583697554,0.99547084295531563,0.99771068631922766
2026-01-02 14:15:00+00:00,0.99771068631922766,0.99778743592895736,0.99752951159862535,0.99760624727135983,580.17969822196915,-0.00010467869022545706,-0.0073322532733169909,0.0039361430935007423,-0.010812095353161744,0.99771068631922766,0.99778743592895736,0.99752951159862535,0.99760624727135983
2026-01-02 14:30:00+00:00,0.99760624727135983,0.99863797747149696,0.99426701046313504,0.99529528720508664,524.50259811423939,-0.0023165052069331615,-0.0068355988505319765,0.0038245339388230217,-0.012989039461623775,0.99760624727135983,0.99863797747149696,0.99426701046313504,0.99529528720508664
2026-01-02 14:45:00+00:00,0.99529528720508664,0.99984747084048087,0.99300880002231595,0.99755052594765203,396.42379587845375,0.0022658991472754852,-0.001748904742338464,0.0038332922882966572,-0.010651862578469062,0.99529528720508664,0.99984747084048087,0.99300880002231595,0.99755052594765203
2026-01-02 15:00:00+00:00,0.99755052594765203,0.99881234832398225,0.99125319948572699,0.99250705624303925,539.10405654192891,-0.005055853887522721,-0.0052155701522911269,0.0037834306094850162,-0.015587159375857085,0.99755052594765203,0.99881234832398225,0.99125319948572699,0.99250705624303925
2026-01-02 15:15:00+00:00,0.99250705624303925,0.99564374219590468,0.9880224525846405,0.991144965546784,666.15168830147684,-0.0013723738160725807,-0.0064767855476532965,0.003179954565112443,-0.01642819028466902,0.99250705624303925,0.99564374219590468,0.9880224525846405,0.991144965546784
2026-01-02 15:30:00+00:00,0.991144965546784,0.99682036850242484,0.98827407328947281,0.99393303720645743,991.11941453296481,0.0028129807006942453,-0.0013686892886377588,0.0032513364812632728,-0.013266434197410248,0.991144965546784,0.99682036850242484,0.98827407328947281,0.99393303720645743
2026-01-02 15:45:00+00:00,0.99393303720645743,0.9958693078433517,0.99374516231728072,0.99568106695705272,217.34541202053907,0.0017586997163392404,-0.0018740494260411911,0.0029569237291622841,-0.010944978010208106,0.99393303720645743,0.9958693078433517,0.99374516231728072,0.99568106695705272
2026-01-02 16:00:00+00:00,0.99568106695705272,0.99647319974057469,0.99519032019811016,0.99598206255882593,871.31437013322625,0.00030230122050345365,0.0035012409170578351,0.0025472495902095359,-0.0097999575200239386,0.99568106695705272,0.99647319974057469,0.99519032019811016,0.99598206255882593
2026-01-02 16:15:00+00:00,0.99598206255882593,0.99657730679161938,0.99430360489937242,0.99489784600943965,844.01796579265488,-0.00108859043766385,0.0037864092469916955,0.0024860099835880061,-0.0099134580346197376,0.99598206255882593,0.99657730679161938,0.99430360489937242,0.99489784600943965
2026-01-02 16:30:00+00:00,0.99489784600943965,0.99901480967558176,0.98705356554339108,0.9911380689747511,842.67288394385389,-0.0037790583724440774,-0.0028120287052353365,0.0025502479111773448,-0.012598500320326056,0.99489784600943965,0.99901480967558176,0.98705356554339108,0.9911380689747511
2026-01-02 16:45:00+00:00,0.9911380689747511,0.99250252939719508,0.98699355236653274,0.98835230719753697,922.64680655308439,-0.0028106697385721358,-0.0073605494798786308,0.0025092477602968325,-0.014137975523288104,0.9911380689747511,0.99250252939719508,0.98699355236653274,0.98835230719753697
2026-01-02 17:00:00+00:00,0.98835230719753697,0.99526939871289577,0.98381007350533667,0.99069537570234789,862.76074534814654,0.0023706814743567062,-0.005308014125169791,0.0025949293224863104,-0.010767101880264307,0.98835230719753697,0.99526939871289577,0.98381007350533667,0.99069537570234789
2026-01-02 17:15:00+00:00,0.99069537570234789,0.99565503509715825,0.99012274040587434,0.99507953305062458,397.35903332602896,0.0044253334130772704,0.00018261879037506645,0.0028004338455308035,-0.0054916341970936422,0.99069537570234789,0.99565503509715825,0.99012274040587434,0.99507953305062458
2026-01-02 17:30:00+00:00,0.99507953305062458,0.99511759394842947,0.98605970824092037,0.98609742413853296,452.10958649807361,-0.0090265236232475177,-0.0050857140836414461,0.0032168865666412452,-0.013357990848355539,0.99507953305062458,0.99511759394842947,0.98605970824092037,0.98609742413853296
2026-01-02 17:45:00+00:00,0.98609742413853296,0.99010789893768081,0.98360192886825992,0.98760225444619709,190.54360713203749,0.0015260462818658116,-0.00075889209331303498,0.0032462244092632442,-0.010779081012099456,0.98609742413853296,0.99010789893768081,0.98360192886825992,0.98760225444619709
2026-01-02 18:00:00+00:00,0.98760225444619709,0.99258282349439031,0.98668737336338852,0.99166332858209383,285.29919371957448,0.0041120543392987319,0.00097704390621555781,0.0033935250454843148,-0.0057610133540481057,0.98760225444619709,0.99258282349439031,0.98668737336338852,0.99166332858209383
2026-01-02 18:15:00+00:00,0.99166332858209383,0.99289013108856605,0.98572298709362727,0.98694244070898174,559.30684297812786,-0.0047605752245191146,-0.008177328616836177,0.0034815991155070247,-0.0094060169650135306,0.99166332858209383,0.99289013108856605,0.98572298709362727,0.98694244070898174
2026-01-02 18:30:00+00:00,0.98694244070898174,0.99447137770189697,0.98442771971396847,0.99193747303907753,211.61561221789799,0.0050611181808206673,0.0059223853116201486,0.0037006869592992537,-0.0035548978128570052,0.98694244070898174,0.99447137770189697,0.98442771971396847,0.99193747303907753
2026-01-02 18:45:00+00:00,0.99193747303907753,0.99506733226812372,0.98981174335363031,0.99293489527011347,896.71027299159539,0.0010055293384370056,0.0053995834860731673,0.0036315359092421663,-0.0016267377982716047,0.99193747303907753,0.99506733226812372,0.98981174335363031,0.99293489527011347
2026-01-02 19:00:00+00:00,0.99293489527011347,0.99531343097413827,0.98901751144180472,0.99138666321003843,183.7429408116862,-0.0015592483127041534,-0.0002789912302706421,0.0034053719110008567,-0.002485157532583937,0.99293489527011347,0.99531343097413827,0.98901751144180472,0.99138666321003843
2026-01-02 19:15:00+00:00,0.99138666321003843,0.9951857189886002,0.98984616576273154,0.9936393182586023,574.77339515426502,0.0022722265006773767,0.0067854793485320197,0.003416795303605689,0.0002567829348780748,0.99138666321003843,0.9951857189886002,0.98984616576273154,0.9936393182586023
2026-01-02 19:30:00+00:00,0.9936393182586023,0.99449414588023144,0.98952389059580492,0.99037517771619143,312.19808183140219,-0.0032850356084251908,-0.001574993752478715,0.0034321396103884224,-0.0025366500917163304,0.9936393182586023,0.99449414588023144,0.98952389059580492,0.99037517771619143
2026-01-02 19:45:00+00:00,0.99037517771619143,0.99680912563213631,0.98983984591320939,0.99627031605929939,280.54056550569544,0.0059524294184172266,0.0033591535608974432,0.0036333204494324671,0.0035281933231068319,0.99037517771619143,0.99680912563213631,0.98983984591320939,0.99627031605929939
2026-01-02 20:00:00+00:00,0.99627031605929939,1.0001929353399708,0.9957689551494473,0.99968960041971211,426.78898208732892,0.0034320849525433239,0.0083750745473913923,0.0036892000814504927,0.0068887597448406002,0.99627031605929939,1.0001929353399708,0.9957689551494473,0.99968960041971211
2026-01-02 20:15:00+00:00,0.99968960041971211,1.0032786866537253,0.9993788367912404,1.0029668073214788,328.39147443686193,0.0032782244612634681,0.0093871980420654477,0.0037456682378360527,0.0099623607745675802,0.99968960041971211,1.0032786866537253,0.9993788367912404,1.0029668073214788
2026-01-02 20:30:00+00:00,1.0029668073214788,1.0034152899202717,0.99791675099496424,0.9983629754309058,253.5426976784546,-0.0045902136112240255,0.0080654260066717054,0.0038404330001770449,0.0051970370071676708,1.0029668073214788,1.0034152899202717,0.99791675099496424,0.9983629754309058
2026-01-02 20:45:00+00:00,0.9983629754309058,1.002650307445869,0.99614185114471954,1.0004196448479707,111.12428054705931,0.0020600417560330264,0.0041648624091139563,0.0038356945202817558,0.0071465597317037499,0.9983629754309058,1.002650307445869,0.99614185114471954,1.0004196448479707
2026-01-02 21:00:00+00:00,1.0004196448479707,1.0038935926126451,0.99237723892726948,0.99582325951336959,730.55799613335398,-0.0045944572942684392,-0.0038675413895665756,0.0038096574445044941,0.0023798325903945372,1.0004196448479707,1.0038935926126451,0.99237723892726948,0.99582325951336959
2026-01-02 21:15:00+00:00,0.99582325951336959,0.99599192234356704,0.9922992191031107,0.99246728506571769,537.93785132576636,-0.0033700502730693582,-0.010468464339115191,0.0038656849988862531,-0.0010536388109301242,0.99582325951336959,0.99599192234356704,0.9922992191031107,0.99246728506571769
2026-01-02 21:30:00+00:00,0.99246728506571769,0.99566590271022526,0.99107524150505211,0.99426937273961746,548.46128417946215,0.0018157653164159182,-0.0041003150076969197,0.0038401130806420994,0.00074609735328579063,0.99246728506571769,0.99566590271022526,0.99107524150505211,0.99426937273961746
2026-01-02 21:45:00+00:00,0.99426937273961746,0.99912572901123176,0.99296809647454032,0.99781809686179934,372.87405258049546,0.0035691777494901711,-0.0026004567179073179,0.003893146391242486,0.004227936193703874,0.99426937273961746,0.99912572901123176,0.99296809647454032,0.99781809686179934
2026-01-02 22:00:00+00:00,0.99781809686179934,0.99901589575090999,0.99686473887879945,0.99806139333974586,524.93568907873646,0.00024382848808990332,0.00224752113891169,0.0038930303646034841,0.0043852178649681495,0.99781809686179934,0.99901589575090999,0.99686473887879945,0.99806139333974586
2026-01-02 22:15:00+00:00,0.99806139333974586,1.0032408150261232,0.99576647080079617,1.0009339830278494,264.85786934611156,0.0028781693263288943,0.0085309592462496919,0.0039247090674453203,0.0070211322709761159,0.99806139333974586,1.0032408150261232,0.99576647080079617,1.0009339830278494
2026-01-02 22:30:00+00:00,1.0009339830278494,1.0013354068154763,0.99548580615815629,0.99588504495872943,393.30449181290874,-0.0050442268468564588,0.0016249843990066015,0.003989276941214817,0.0017421490399933681,1.0009339830278494,1.0013354068154763,0.99548580615815629,0.99588504495872943
2026-01-02 22:45:00+00:00,0.99588504495872943,0.99873639906369027,0.99568557568621008,0.99853635868355983,112.7325640117172,0.002662268841420623,0.00071983242639062084,0.003965648369264268,0.0039805258130880539,0.99588504495872943,0.99873639906369027,0.99568557568621008,0.99853635868355983
2026-01-02 23:00:00+00:00,0.99853635868355983,1.0031751050346094,0.99745419671391256,1.0020879158320084,104.43212773411584,0.0035567629736896755,0.0040343434974363657,0.0039980804888910919,0.0070707945969539221,0.99853635868355983,1.0031751050346094,0.99745419671391256,1.0020879158320084
2026-01-02 23:15:00+00:00,1.0020879158320084,1.00226509858102,1.001513080316355,1.0016901614266429,532.29236401092282,-0.00039692565799998025,0.00075547280002030703,0.0039116425570297703,0.0063924803531334451,1.0020879158320084,1.00226509858102,1.001513080316355,1.0016901614266429
2026-01-02 23:30:00+00:00,1.0016901614266429,1.0055299687820369,0.99959388280268702,1.0034256544336733,898.02088791383312,0.0017325646930170802,0.007571766955548842,0.003378491743378662,0.0074053496124082407,1.0016901614266429,1.0055299687820369,0.99959388280268702,1.0034256544336733
2026-01-02 23:45:00+00:00,1.0034256544336733,1.0063736287580882,1.0005237257444872,1.0034631744634135,138.46870162065858,3.739193788243611e-05,0.0049340374409090337,0.0033769363986493285,0.0067750305107685538,1.0034256544336733,1.0063736287580882,1.0005237257444872,1.0034631744634135
2026-01-03 00:00:00+00:00,1.0034631744634135,1.0076291473191425,1.0004793565637766,1.0046329418155631,994.47193444787206,0.0011657302250032142,0.0025397232551613858,0.0032990029615411112,0.0074024609934593144,1.0034631744634135,1.0076291473191425,1.0004793565637766,1.0046329418155631
2026-01-03 00:15:00+00:00,1.0046329418155631,1.0056407059237722,0.99905271771768778,1.0000548842097652,235.04326326788109,-0.0045569455422439509,-0.0016325179979292948,0.0032849918403712085,0.0022626852430218669,1.0046329418155631,1.0056407059237722,0.99905271771768778,1.0000548842097652
2026-01-03 00:30:00+00:00,1.0000548842097652,1.0034530570529125,0.99950186576646882,1.002898159460496,847.75073011729717,0.002843119208379763,-0.0005256941267611781,0.003182311837240717,0.00465240460887828,1.0000548842097652,1.0034530570529125,0.99950186576646882,1.002898159460496
2026-01-03 00:45:00+00:00,1.002898159460496,1.0041662027770504,0.99736261380432745,0.99862365809350639,199.40203345029096,-0.0042621489796023093,-0.0048228141231938526,0.0033218535009110813,0.00013294842503630555,1.002898159460496,1.0041662027770504,0.99736261380432745,0.99862365809350639
2026-01-03 01:00:00+00:00,0.99862365809350639,1.0008310180089723,0.99846368520736961,1.0006706915184187,555.91990741735231,0.0020498547258738231,-0.003943978076195509,0.0033183918953776015,0.0017949611104182139,0.99862365809350639,1.0008310180089723,0.99846368520736961,1.0006706915184187
2026-01-03 01:15:00+00:00,1.0006706915184187,1.0055636292085965,0.99964016833002312,1.0045280671140033,248.9373066608662,0.0038547902204784101,0.0044729374106029507,0.0033726230830756357,0.0052001009981899049,1.0006706915184187,1.0055636292085965,0.99964016833002312,1.0045280671140033
2026-01-03 01:30:00+00:00,1.0045280671140033,1.0128680454497965,1.0016116754137654,1.0099274407440735,956.47013302442622,0.0053750351103503125,0.0070089681761493772,0.0034175285248377071,0.0097798913957798383,1.0045280671140033,1.0128680454497965,1.0016116754137654,1.0099274407440735
2026-01-03 01:45:00+00:00,1.0099274407440735,1.0133306817701686,1.0075676195883192,1.0109629085182068,205.97742747032817,0.0010252892756041909,0.01235625685882269,0.0032391782967554823,0.010196864456984089,1.0099274407440735,1.0133306817701686,1.0075676195883192,1.0109629085182068
2026-01-03 02:00:00+00:00,1.0109629085182068,1.0109907194865517,1.0099736134983264,1.0100013972517732,626.69093450987339,-0.00095108461283011092,0.009324451902549491,0.0031967399776186654,0.0088029697277007823,1.0109629085182068,1.0109907194865517,1.0099736134983264,1.0100013972517732
2026-01-03 02:15:00+00:00,1.0100013972517732,1.012172674552112,1.0047990876978734,1.006959181195225,424.53512370405281,-0.003012090938513623,0.0024201554548954896,0.0032111205336326182,0.0055972819184950673,1.0100013972517732,1.012172674552112,1.0047990876978734,1.006959181195225
2026-01-03 02:30:00+00:00,1.006959181195225,1.0092126548426945,1.0047646496946281,1.0070132122007152,288.95953453664538,5.3657592580913516e-05,-0.0028855820980675517,0.0030475265646894155,0.0052893969273419827,1.006959181195225,1.0092126548426945,1.0047646496946281,1.0070132122007152
2026-01-03 02:45:00+00:00,1.0070132122007152,1.0087128953472557,1.0045653854995382,1.0062609370917563,979.55094893253306,-0.00074703598705994079,-0.0046509831239429644,0.0030334370513274002,0.004294395614563129,1.0070132122007152,1.0087128953472557,1.0045653854995382,1.0062609370917563
2026-01-03 03:00:00+00:00,1.0062609370917563,1.0075857548110101,0.99624040977586381,0.99755203472209542,241.9371218228772,-0.0086547157388727758,-0.012326084462410236,0.0034055843327931747,-0.0044690571375098909,1.0062609370917563,1.0075857548110101,0.99624040977586381,0.99755203472209542
2026-01-03 03:15:00+00:00,0.99755203472209542,0.99931813235603906,0.9973888602986557,0.99915466904344563,973.90095367699757,0.001606567141930304,-0.0077505744994704751,0.0033373460608062543,-0.0031468712231687013,0.99755203472209542,0.99931813235603906,0.9973888602986557,0.99915466904344563
2026-01-03 03:30:00+00:00,0.99915466904344563,1.0031215808611595,0.98866139910781392,0.99258664983160139,451.21134420831515,-0.0065735760591822956,-0.014326090456734053,0.0035991475131535314,-0.0096304828070234993,0.99915466904344563,1.0031215808611595,0.98866139910781392,0.99258664983160139
2026-01-03 03:45:00+00:00,0.99258664983160139,0.99486471359625039,0.99090110560857914,0.99317530091779516,632.62781991256998,0.00059304755538835963,-0.01300421758572945,0.0035188894049282232,-0.0088518374237277486,0.99258664983160139,0.99486471359625039,0.99090110560857914,0.99317530091779516
2026-01-03 04:00:00+00:00,0.99317530091779516,0.99322910094897154,0.98975570816877123,0.98980932296155488,367.22773920943882,-0.0033891075957384054,-0.0077617121624111718,0.0035771464402671233,-0.011871884370245778,0.99317530091779516,0.99322910094897154,0.98975570816877123,0.98980932296155488
2026-01-03 04:15:00+00:00,0.98980932296155488,0.99588852150097873,0.98610160980679396,0.99215803635986421,947.7881740831715,0.0023728948028918229,-0.0070025521576951855,0.0035588241766304897,-0.0091654627339088357,0.98980932296155488,0.99588852150097873,0.98610160980679396,0.99215803635986421
2026-01-03 04:30:00+00:00,0.99215803635986421,0.99556198290045861,0.98756195899708243,0.9909501370803685,193.13112205743806,-0.0012174464502927584,-0.0016487354041186952,0.003422999937661304,-0.010168491920929612,0.99215803635986421,0.99556198290045861,0.98756195899708243,0.9909501370803685
2026-01-03 04:45:00+00:00,0.9909501370803685,0.99476819849462095,0.98969189104091004,0.99350510452137342,522.98364183765091,0.0025783007089867915,0.00033206988058753772,0.0034199873549139669,-0.0074085610427050419,0.9909501370803685,0.99476819849462095,0.98969189104091004,0.99350510452137342
2026-01-03 05:00:00+00:00,0.99350510452137342,0.99925085655257784,0.99029578792142647,0.99602297946684271,812.21289784333908,0.0025343351876205844,0.0062776298031790301,0.0033771938788823941,-0.0046417002533284402,0.99350510452137342,0.99925085655257784,0.99029578792142647,0.99602297946684271
2026-01-03 05:15:00+00:00,0.99602297946684271,1.001213018363982,0.99257970518522531,0.99775180199887503,673.61061286814913,0.0017357255481773581,0.0056379784611066963,0.0034010622754600535,-0.0027504936718725226,0.99602297946684271,1.001213018363982,0.99257970518522531,0.99775180199887503
2026-01-03 05:30:00+00:00,0.99775180199887503,1.0015542551542578,0.99596379509087252,0.9997594341142283,256.32333009772901,0.0020121558400909567,0.0088897480349663383,0.0034082927822628741,-0.00059128025489341152,0.99775180199887503,1.0015542551542578,0.99596379509087252,0.9997594341142283
2026-01-03 05:45:00+00:00,0.9997594341142283,1.0082428195579078,0.99844166775900212,1.0069138713928036,750.60688328956599,0.0071561588062571957,0.01349642473944801,0.0037204962960562817,0.0064159964925432078,0.9997594341142283,1.0082428195579078,0.99844166775900212,1.0069138713928036
2026-01-03 06:00:00+00:00,1.0069138713928036,1.0085323909083748,1.0061521888560472,1.0077694840384499,834.83548733540488,0.00084973766868734479,0.011793407194174321,0.0037173020783533347,0.0071396288245333395,1.0069138713928036,1.0085323909083748,1.0061521888560472,1.0077694840384499
2026-01-03 06:15:00+00:00,1.0077694840384499,1.0111335761414266,1.0029210556300492,1.0062689629209445,468.14170235790255,-0.001488952723089354,0.0085363523323198631,0.0035997768132606388,0.0053798953185411058,1.0077694840384499,1.0111335761414266,1.0029210556300492,1.0062689629209445
2026-01-03 06:30:00+00:00,1.0062689629209445,1.0096983733685361,0.99860220578999814,1.0020054875801703,519.73335382870528,-0.0042369142822396011,0.002246593919798201,0.0036687032198496421,0.0011573916908727,1.0062689629209445,1.0096983733685361,0.99860220578999814,1.0020054875801703
2026-01-03 06:45:00+00:00,1.0020054875801703,1.0036836668621731,1.0010265124183877,1.0027030520927691,112.08104876916441,0.000696168355607929,-0.0041819061388139733,0.0035579921947804442,0.0016842488648733944,1.0020054875801703,1.0036836668621731,1.0010265124183877,1.0027030520927691
2026-01-03 07:00:00+00:00,1.0027030520927691,1.0033132266566245,1.0011063634185977,1.001715566350011,789.93482532057271,-0.00098482371295971483,-0.006007244498195119,0.003542390804252768,0.00065424579328343668,1.0027030520927691,1.0033132266566245,1.0011063634185977,1.001715566350011
2026-01-03 07:15:00+00:00,1.001715566350011,1.0062819299183798,0.99953396919380855,1.004090387857546,849.56024092839277,0.002370754321197488,-0.0021650027414883422,0.003485575787983679,0.0030448239529532461,1.001715566350011,1.0062819299183798,0.99953396919380855,1.004090387857546
2026-01-03 07:30:00+00:00,1.004090387857546,1.0062456891517391,1.0040148823495685,1.0061700215695888,520.28806941642983,0.0020711618567330614,0.0041561987843756754,0.003325101547065694,0.0052795139348729148,1.004090387857546,1.0062456891517391,1.0040148823495685,1.0061700215695888
2026-01-03 07:45:00+00:00,1.0061700215695888,1.0068311613804788,1.0030739183302499,1.0037330237363513,919.93866738790325,-0.0024220537096064643,0.0010271950817668518,0.0033465148352395083,0.0031465986008654134,1.0061700215695888,1.0068311613804788,1.0030739183302499,1.0037330237363513
2026-01-03 08:00:00+00:00,1.0037330237363513,1.0086268130662035,1.0029738902495919,1.0078639783568386,961.19908926402582,0.0041155910215149305,0.006137882062900113,0.0034610884970679968,0.0073648023432963949,1.0037330237363513,1.0086268130662035,1.0029738902495919,1.0078639783568386
2026-01-03 08:15:00+00:00,1.0078639783568386,1.0113127691223389,1.0020938525652254,1.0055228986459535,383.0471739310853,-0.0023228131584799305,0.0014266751337637107,0.0034385082894297612,0.0050850017528412117,1.0078639783568386,1.0113127691223389,1.0020938525652254,1.0055228986459535
2026-01-03 08:30:00+00:00,1.0055228986459535,1.0060846535170513,1.0025483467200054,1.0031084397999737,489.33939126913288,-0.0024011972767911116,-0.0030428075812070077,0.0034715266461558779,0.0028346833785952708,1.0055228986459535,1.0060846535170513,1.0025483467200054,1.0031084397999737
2026-01-03 08:45:00+00:00,1.0031084397999737,1.0127850611400451,0.99900272951959812,1.0086397445697224,600.34818362471526,0.0055141643219069891,0.0048884720511694901,0.0036555704793201655,0.0082645697464056589,1.0031084397999737,1.0127850611400451,0.99900272951959812,1.0086397445697224
2026-01-03 09:00:00+00:00,1.0086397445697224,1.0096404449729639,1.006376653416253,1.0073751085418898,357.61946263341633,-0.0012538034859731484,-0.00048505535017318024,0.0031635696578376821,0.0065885659509863359,1.0086397445697224,1.0096404449729639,1.006376653416253,1.0073751085418898
2026-01-03 09:15:00+00:00,1.0073751085418898,1.0075539226803476,1.0068242671792997,1.0070029835406507,311.17881418279603,-0.00036940063148649394,0.0014719554340236751,0.0031568663077767771,0.0058880497556477174,1.0073751085418898,1.0075539226803476,1.0068242671792997,1.0070029835406507
2026-01-03 09:30:00+00:00,1.0070029835406507,1.0079677638474493,1.0039143292137689,1.0048761503705772,510.27979780975551,-0.0021120425707136237,0.0017622327761055434,0.0028489575478906726,0.0032504132242432426,1.0070029835406507,1.0079677638474493,1.0039143292137689,1.0048761503705772
2026-01-03 09:45:00+00:00,1.0048761503705772,1.0150573637384193,1.0012256607391665,1.0113698880427846,507.6890227984594,0.0064622268822009943,0.0027067577772545981,0.0030969031284048833,0.0089699745147637788,1.0048761503705772,1.0150573637384193,1.0012256607391665,1.0113698880427846
2026-01-03 10:00:00+00:00,1.0113698880427846,1.0129554148234143,1.0073116711276529,1.0088908358327682,544.74297380061546,-0.0024511825389758046,0.0015046304777892594,0.0030477799686697673,0.0056991081282322664,1.0113698880427846,1.0129554148234143,1.0073116711276529,1.0088908358327682
2026-01-03 10:15:00+00:00,1.0088908358327682,1.0093939644967873,1.0087011727631321,1.009204206843155,140.33262283120663,0.00031060943291083554,0.0021859153731251801,0.0030305397831272987,0.0052997253649866849,1.0088908358327682,1.0093939644967873,1.0087011727631321,1.009204206843155
2026-01-03 10:30:00+00:00,1.009204206843155,1.0114796656319343,1.0067823845200656,1.0090523828115019,812.10337452611304,-0.00015043935669678543,0.0041559673193403146,0.0030087144733559595,0.0043938453372283082,1.009204206843155,1.0114796656319343,1.0067823845200656,1.0090523828115019
2026-01-03 10:45:00+00:00,1.0090523828115019,1.0124317582894105,1.0047074753393936,1.0080722994679221,108.22301986113095,-0.00097129084701130797,-0.0032605168631666404,0.0030026268397157201,0.0028124233760107309,1.0090523828115019,1.0124317582894105,1.0047074753393936,1.0080722994679221
2026-01-03 11:00:00+00:00,1.0080722994679221,1.0098421388535013,0.99979252812098107,1.0015478309842878,794.1152342015705,-0.0064722227632660889,-0.0072782947249384611,0.0032999043131429645,-0.0039061085228069281,1.0080722994679221,1.0098421388535013,0.99979252812098107,1.0015478309842878
2026-01-03 11:15:00+00:00,1.0015478309842878,1.0043318600276534,0.9938115620524165,0.99657408638404743,264.36284780515501,-0.0049660579818263662,-0.012514930450612471,0.0034476996775581418,-0.0088043939705426677,1.0015478309842878,1.0043318600276534,0.9938115620524165,0.99657408638404743
2026-01-03 11:30:00+00:00,0.99657408638404743,0.99935089581123782,0.99362379241582865,0.99639238127596252,867.40644494999356,-0.00018232975407195262,-0.012546426480124939,0.0034197976740593331,-0.0088468161707427884,0.99657408638404743,0.99935089581123782,0.99362379241582865,0.99639238127596252
2026-01-03 11:45:00+00:00,0.99639238127596252,0.99660624405585252,0.99557875588622102,0.99579244403190981,400.7885714963864,-0.00060210942528926559,-0.012181522538109446,0.0030469892200322298,-0.0089867851490718076,0.99639238127596252,0.99660624405585252,0.99557875588622102,0.99579244403190981
2026-01-03 12:00:00+00:00,0.99579244403190981,0.99886638010298934,0.99214440169953011,0.99520707653943485,576.15832825497773,-0.00058784086581820105,-0.0063309551962400512,0.0030342626197078317,-0.0090531377228019183,0.99579244403190981,0.99886638010298934,0.99214440169953011,0.99520707653943485
2026-01-03 12:15:00+00:00,0.99520707653943485,0.99872584333762193,0.99473581284564871,0.99825291339057265,672.57292679559748,0.003060505620326559,0.0016845982947606419,0.0031120862389341481,-0.0056896592137385404,0.99520707653943485,0.99872584333762193,0.99473581284564871,0.99825291339057265
2026-01-03 12:30:00+00:00,0.99825291339057265,1.0007589318911656,0.99544506068150873,0.99794403033632173,149.5884189888865,-0.00030942364415631474,0.0015572670862578075,0.0029988348603775371,-0.005829745972884548,0.99825291339057265,1.0007589318911656,0.99544506068150873,0.99794403033632173
2026-01-03 12:45:00+00:00,0.99794403033632173,1.0035251501579281,0.9938003430950304,0.99935828885647515,239.92812936338532,0.0014171721831701678,0.0035809117110061628,0.0030114210886253226,-0.0042825920120874716,0.99794403033632173,1.0035251501579281,0.9938003430950304,0.99935828885647515
2026-01-03 13:00:00+00:00,0.99935828885647515,1.0015990525502343,0.99438930811312931,0.99661893034564386,472.15887543076201,-0.0027411175164873125,0.0014186533029070247,0.0030540115919237189,-0.0068018234521155518,0.99935828885647515,1.0015990525502343,0.99438930811312931,0.99661893034564386
2026-01-03 13:15:00+00:00,0.99661893034564386,1.0038149049386649,0.99325522036920078,1.0004269076736787,121.02000421689695,0.0038208960437007278,0.002177799086728438,0.0031208641669883924,-0.0028552297341307709,0.99661893034564386,1.0038149049386649,0.99325522036920078,1.0004269076736787
2026-01-03 13:30:00+00:00,1.0004269076736787,1.0022363001730699,0.99392203270992552,0.99571966035985249,216.96067954088909,-0.0047052386113565214,-0.0022289526354695166,0.0032164708811216794,-0.0071161190463963075,1.0004269076736787,1.0022363001730699,0.99392203270992552,0.99571966035985249
2026-01-03 13:45:00+00:00,0.99571966035985249,1.0008179778522928,0.99277189714630421,0.99785512140180888,821.98816483147925,0.002144640833128264,-0.0015041326733641336,0.0032285551766413315,-0.0047436831181447703,0.99571966035985249,1.0008179778522928,0.99277189714630421,0.99785512140180888
2026-01-03 14:00:00+00:00,0.99785512140180888,0.99977606538726971,0.99742603135856522,0.99934614931435495,955.7157603125678,0.0014942328606295519,0.0027364711683384169,0.0031172294493478389,-0.0029035810291305753,0.99785512140180888,0.99977606538726971,0.99742603135856522,0.99934614931435495
2026-01-03 14:15:00+00:00,0.99934614931435495,1.0018512148098309,0.99787690676681895,1.0003782893053805,872.35547311014659,0.0010328152980163541,-4.8597621600587892e-05,0.0031000526196267916,-0.0016602435228496581,0.99934614931435495,1.0018512148098309,0.99787690676681895,1.0003782893053805
2026-01-03 14:30:00+00:00,1.0003782893053805,1.0056397855202928,0.99757418893980832,1.0028209369703414,249.86692969330133,0.0024417239868899099,0.0071318031502185519,0.003108766352095632,0.00078939091831253805,1.0003782893053805,1.0056397855202928,0.99757418893980832,1.0028209369703414
2026-01-03 14:45:00+00:00,1.0028209369703414,1.0031657620360237,0.99898314228294671,0.99932664770345969,685.63688036043482,-0.0034844598253387371,0.0014746893312362896,0.0029526091554825211,-0.0023114550534715228,1.0028209369703414,1.0031657620360237,0.99898314228294671,0.99932664770345969
2026-01-03 15:00:00+00:00,0.99932664770345969,0.99947204741199169,0.99608071031801726,0.99622563775019124,801.8351322479291,-0.0031030994323976158,-0.0031225532477456852,0.0030000914364467506,-0.0049458759360285764,0.99932664770345969,0.99947204741199169,0.99608071031801726,0.99622563775019124
2026-01-03 15:15:00+00:00,0.99622563775019124,0.99790097790589716,0.99249456513525158,0.99416363079295356,776.52599937256161,-0.0020698192047078345,-0.0062123084625738123,0.0030179016587199782,-0.0064745737924704061,0.99622563775019124,0.99790097790589716,0.99249456513525158,0.99416363079295356
2026-01-03 15:30:00+00:00,0.99416363079295356,0.99699202033929724,0.99074553805434884,0.99356420314742255,413.81006988919512,-0.00060294666487936688,-0.0092306946152168612,0.0029991727562551748,-0.0066056995451501122,0.99416363079295356,0.99699202033929724,0.99074553805434884,0.99356420314742255
2026-01-03 15:45:00+00:00,0.99356420314742255,0.99559034847383387,0.98581584239768882,0.98782618672717337,812.74655255930372,-0.0057751843334051811,-0.011508210055956591,0.0028037385226366619,-0.011373069875410979,0.99356420314742255,0.99559034847383387,0.98581584239768882,0.98782618672717337
2026-01-03 16:00:00+00:00,0.98782618672717337,0.99036512634575624,0.98658294215733022,0.98911868635253153,909.06799794176777,0.0013084281857727031,-0.0071338772345886925,0.0028227659244748847,-0.0092626522843399783,0.98782618672717337,0.99036512634575624,0.98658294215733022,0.98911868635253153
2026-01-03 16:15:00+00:00,0.98911868635253153,0.99623890146127558,0.98676785480704632,0.99387114734975324,501.16414687516294,0.0048047429118409646,-0.00029420050597406266,0.0030416441321062626,-0.0038649643332813177,0.98911868635253153,0.99623890146127558,0.98676785480704632,0.99387114734975324
2026-01-03 16:30:00+00:00,0.99387114734975324,0.9997030606640418,0.98712830932413509,0.99292065649651218,664.46614669444557,-0.00095635219492551382,-0.00064771521444884073,0.0030405303873951555,-0.0041467275234724488,0.99387114734975324,0.9997030606640418,0.98712830932413509,0.99292065649651218
2026-01-03 16:45:00+00:00,0.99292065649651218,0.9938152306400756,0.98593225937532802,0.98682053730647135,802.92722851677649,-0.006143611929240067,-0.0010180428846838785,0.003239823776801556,-0.0093850931127954507,0.99292065649651218,0.9938152306400756,0.98593225937532802,0.98682053730647135
2026-01-03 17:00:00+00:00,0.98682053730647135,0.98693375379249926,0.98505479145925046,0.98516780536382353,381.32203600476475,-0.0016748049722992153,-0.0039943447062730231,0.0030205166475902553,-0.010366156685868044,0.98682053730647135,0.98693375379249926,0.98505479145925046,0.98516780536382353
2026-01-03 17:15:00+00:00,0.98516780536382353,0.98724292803221825,0.9816343359796752,0.9837020158729638,567.85001531317243,-0.0014878576856441894,-0.010231840922142021,0.0028865234985714803,-0.011305914634620273,0.98516780536382353,0.98724292803221825,0.9816343359796752,0.9837020158729638
2026-01-03 17:30:00+00:00,0.9837020158729638,0.98849517265682596,0.98314110809510957,0.98793153181664473,295.16599578688914,0.0042995906030827147,-0.0050246962304837384,0.0030508096962425096,-0.0067029854343214623,0.9837020158729638,0.98849517265682596,0.98314110809510957,0.98793153181664473
2026-01-03 17:45:00+00:00,0.98793153181664473,0.98895466105711161,0.98424056080957878,0.98525986757830397,259.79189772920802,-0.0027043010090264108,-0.0015815132226850714,0.0030882864723394401,-0.0089518686844295425,0.98793153181664473,0.98895466105711161,0.98424056080957878,0.98525986757830397
2026-01-03 18:00:00+00:00,0.98525986757830397,0.98736827711201647,0.98371873538818755,0.98582384697187764,702.60789203218792,0.00057241689439746501,0.00066591864297871339,0.0030949194359439708,-0.0079944551482529214,0.98525986757830397,0.98736827711201647,0.98371873538818755,0.98582384697187764
2026-01-03 18:15:00+00:00,0.98582384697187764,0.98897769665742719,0.98444480546077273,0.98759424331387435,314.20548121837288,0.00179585465236487,0.0039567139012686159,0.0030439628539351473,-0.0057686392646043583,0.98582384697187764,0.98897769665742719,0.98444480546077273,0.98759424331387435
2026-01-03 18:30:00+00:00,0.98759424331387435,0.99217286873735699,0.98342252099072458,0.98798180572442718,970.12570085858658,0.00039243081171913552,5.0888048577668599e-05,0.0030486671027623547,-0.0049626637355751901,0.98759424331387435,0.99217286873735699,0.98342252099072458,0.98798180572442718
2026-01-03 18:45:00+00:00,0.98798180572442718,1.0012844387068465,0.98603247017361217,0.99930885642229428,365.82426773568608,0.011464837340361411,0.014259170911448571,0.0038859135976792945,0.0064473652403580495,0.98798180572442718,1.0012844387068465,0.98603247017361217,0.99930885642229428
2026-01-03 19:00:00+00:00,0.99930885642229428,1.0012391732716921,0.99579066668357197,0.99771418761508279,644.53854751369067,-0.0015957717145834716,0.012061323815333092,0.0038576504932461004,0.0047951228947575864,0.99930885642229428,1.0012391732716921,0.99579066668357197,0.99771418761508279
2026-01-03 19:15:00+00:00,0.99771418761508279,1.0048572881155318,0.9975258415173488,1.0046675935603722,913.61710963929113,0.0069693365410696817,0.017287818719161629,0.0040405560059228384,0.011617861591576961,0.99771418761508279,1.0048572881155318,0.9975258415173488,1.0046675935603722
2026-01-03 19:30:00+00:00,1.0046675935603722,1.0083810139005647,0.99508681994734483,0.99876482813745171,455.13573184276123,-0.0058753417157629828,0.010914191284239205,0.0041086029142839153,0.0055457926823101467,1.0046675935603722,1.0083810139005647,0.99508681994734483,0.99876482813745171
2026-01-03 19:45:00+00:00,0.99876482813745171,0.99983240394894934,0.99782268951609709,0.99888925827931363,644.71540849145515,0.00012458402454362805,-0.0004198883461143943,0.004086280866866983,0.005627441913548914,0.99876482813745171,0.99983240394894934,0.99782268951609709,0.99888925827931363
2026-01-03 20:00:00+00:00,0.99888925827931363,1.0000506527323996,0.99772921259498448,0.99888925827931363,162.19418217608251,0,0.0011777628090463566,0.0040747044631028149,0.0056467156806845331,0.99888925827931363,1.0000506527323996,0.99772921259498448,0.99888925827931363
2026-01-03 20:15:00+00:00,0.99888925827931363,1.0025501954563325,0.99524168947135483,0.99888925827931363,816.23709351704542,0,-0.0057514896649358827,0.0040686492952453331,0.0057095349918061533,0.99888925827931363,1.0025501954563325,0.99524168947135483,0.99888925827931363
2026-01-03 20:30:00+00:00,0.99888925827931363,1.0035835569523204,0.99588483022497731,1.000565009532387,557.62941784125155,0.0016776146496559896,0.0018024076781841813,0.0040512218067434453,0.0074920758567311729,0.99888925827931363,1.0035835569523204,0.99588483022497731,1.000565009532387
2026-01-03 20:45:00+00:00,1.000565009532387,1.00331896563514,0.99584921125237524,0.99859018758736817,843.54995142152859,-0.0019737067818729193,-0.00029940325162836068,0.0040076227893245031,0.0055346512061118514,1.000565009532387,1.00331896563514,0.99584921125237524,0.99859018758736817
2026-01-03 21:00:00+00:00,0.99859018758736817,0.99999683833703346,0.99718551551029022,0.99859018758736817,330.40806040875157,0,-0.00029940325162836068,0.0039536250671154387,0.0054349039552239464,0.99859018758736817,0.99999683833703346,0.99718551551029022,0.99859018758736817
2026-01-03 21:15:00+00:00,0.99859018758736817,1.0043867267369724,0.99524891452380793,1.0010260585097472,825.69961070605405,0.0024393098917427913,0.0021391763028011379,0.0039528588406426137,0.0075973896243126671,0.99859018758736817,1.0043867267369724,0.99524891452380793,1.0010260585097472
2026-01-03 21:30:00+00:00,1.0010260585097472,1.0023512483361441,0.99592966594093268,0.99724810900232175,804.86939204515363,-0.003774077083517513,-0.0033150275079232294,0.0040362689281914265,0.0036395733621681359,1.0010260585097472,1.0023512483361441,0.99592966594093268,0.99724810900232175
2026-01-03 21:45:00+00:00,0.99724810900232175,1.0006922032586096,0.99381586832619329,0.99724810900232175,489.42467931955395,0,-0.0013439733353368677,0.0038340015418401345,0.0032431958074166101,0.99724810900232175,1.0006922032586096,0.99381586832619329,0.99724810900232175
2026-01-03 22:00:00+00:00,0.99724810900232175,1.000500979963284,0.99567273456636363,0.99892046689661895,292.57525877308535,0.001676972740485061,0.00033074559850088114,0.0038385225499409283,0.0045128904027977867,0.99724810900232175,1.000500979963284,0.99567273456636363,0.99892046689661895
2026-01-03 22:15:00+00:00,0.99892046689661895,1.002726780622593,0.99632814814049042,1.0001245840245436,353.9517151414949,0.0012054184170091631,-0.00090055046773274139,0.0037284135234858101,0.0054602994437142893,0.99892046689661895,1.002726780622593,0.99632814814049042,1.0001245840245436
2026-01-03 22:30:00+00:00,1.0001245840245436,1.0034261942383729,0.99683383722056629,1.0001245840245436,999.27530138150928,0,0.0028844126113205526,0.0037198596517912246,0.0051569782127085517,1.0001245840245436,1.0034261942383729,0.99683383722056629,1.0001245840245436
2026-01-03 22:45:00+00:00,1.0001245840245436,1.0038476934547393,0.99641528300763571,1.0001245840245436,935.67681193204419,0,0.0028844126113205526,0.0034588241065815891,0.0045972923821249179,1.0001245840245436,1.0038476934547393,0.99641528300763571,1.0001245840245436
2026-01-03 23:00:00+00:00,1.0001245840245436,1.0007411405891933,0.99950840732036139,1.0001245840245436,970.62419826685846,0,0.0012054184170091631,0.0034284559763725674,0.0039688218031241895,1.0001245840245436,1.0007411405891933,0.99950840732036139,1.0001245840245436
2026-01-03 23:15:00+00:00,1.0001245840245436,1.0003540724680366,0.99977059278328628,1,880.48470143507518,-0.00012456850529796171,-0.00012456850529796171,0.0034029771633935515,0.0031599119160730105,1.0001245840245436,1.0003540724680366,0.99977059278328628,1
2026-01-03 23:30:00+00:00,1,1.0024009296670067,0.99760482098933778,1,737.19924610521991,0,-0.00012456850529796171,0.0033167972752979544,0.0026541312496397573,1,1.0024009296670067,0.99760482098933778,1
2026-01-03 23:45:00+00:00,1,1.0040654310351107,0.99595102977410599,1,359.86017259144427,0,-0.00012456850529796171,0.0032480293567732701,0.0020370745366755649,1,1.0040654310351107,0.99595102977410599,1
